1 9
2 7
3 6
4 390
5 70
6 132
7 153
8 119
9 92
10 129
11 58
12 109
13 108
14 142
15 83
16 141
17 6
18 2
19 2
20 12
21 0
22 3
23 3
24 0
25 1
26 2
27 1
28 4
29 5
30 3
31 6
32 15
33 0
34 5
35 0
36 6
37 3
38 1
39 4
40 2
41 7
42 1
43 15
44 32
45 97
46 29
47 123
48 14
49 68
50 15
51 34
52 9
53 5
54 21
55 48
56 35
57 7
58 13
59 16
60 62
61 19
62 14
63 30
64 42
65 7
66 37
67 18
68 26
69 32
70 61
71 55
72 25
73 31
74 41
75 73
76 126
77 69
78 13
79 135
80 22
81 63
82 60
83 59
84 13
85 46
86 109
87 25
88 67
89 50
90 87
91 16
92 68
93 29
94 91
95 28
96 84
97 196
98 40
99 45
100 44
101 21
102 54
103 138
104 35
105 88
106 48
107 36
108 47
109 190
110 66
111 33
112 130
113 56
114 125
115 51
116 138
117 28
118 162
119 166
120 57
121 186
122 219
123 55
124 58
125 100
126 65
127 101
128 45
129 14
130 237
131 145
132 17
133 98
134 161
135 21
136 27
137 47
138 7
139 3
140 80
141 112
142 110
143 139
144 45
145 34
146 75
147 63
148 51
149 70
150 86
151 27
152 24
153 47
154 100
155 25
156 145
157 74
158 93
159 124
160 111
161 133
162 149
163 39
164 105
165 65
166 45
167 99
168 53
169 141
170 85
171 76
172 51
173 93
174 33
175 329
176 38
177 67
178 74
179 97
180 153
181 26
182 62
183 127
184 62
185 66
186 15
187 14
188 51
189 33
190 20
191 14
192 24
193 36
194 50
195 28
196 28
197 31
198 34
199 48
200 33
201 12
202 22
203 36
204 30
205 21
206 25
207 40
208 104
209 95
210 9
211 8
212 5
213 102
214 89
215 18
216 19
217 36
218 22
219 66
220 18
221 70
222 76
223 61
224 66
225 167
226 73
227 66
228 38
229 30
230 110
231 43
232 35
233 43
234 103
235 85
236 41
237 46
238 63
239 83
240 50
241 25
242 213
243 55
244 11
245 31
246 118
247 27
248 65
249 89
250 26
251 23
252 12
253 35
254 34
255 31
256 29
257 38
258 28
259 71
260 58
261 8
262 55
263 61
264 376
265 61
266 329
267 226
268 242
269 14
270 257
271 60
272 130
273 22
274 191
275 28
276 61
277 82
278 81
279 16
280 100
281 57
282 204
283 27
284 82
285 271
286 2
287 174
288 176
289 201
290 166
291 80
292 152
293 420
294 150
295 18
296 53
297 109
298 16
299 34
300 60
301 83
302 71
303 107
304 80
305 104
306 49
307 36
308 14
309 11
310 5
311 10
312 77
313 81
314 71
315 40
316 47
317 24
318 37
319 5
320 13
321 83
322 6
323 11
324 24
325 23
326 26
327 48
328 26
329 37
330 8
331 9
332 3
333 49
334 6
335 13
336 62
337 90
338 80
339 9
340 74
341 33
342 5
343 6
344 26
345 19
346 11
347 16
348 9
349 41
350 19
351 60
352 13
353 17
354 56
355 11
356 10
357 22
358 17
359 19
360 22
361 7
362 85
363 145
364 26
365 400
366 32
367 70
368 114
369 61
370 91
371 325
372 118
373 202
374 49
375 121
376 37
377 106
378 65
379 60
380 40
381 11
382 209
383 119
384 76
385 41
386 43
387 69
388 59
389 55
390 105
391 65
392 106
393 64
394 52
395 54
396 48
397 79
398 9
399 3
400 12
401 6
402 6
403 3
404 4
405 4
406 3
407 3
408 3
409 3
410 1
411 3
412 1
413 5
414 135
415 3
416 41
417 19
418 25
419 35
420 107
421 11
422 22
423 7
424 16
425 5
426 7
427 12
428 2
429 5
430 1
431 3
432 2
433 1
434 26
435 7
436 1
437 11
438 3
439 10
440 8
441 8
442 52
443 4
444 2
445 2
446 115
447 83
448 33
449 35
450 26
451 9
452 9
453 7
454 6
455 0
456 13
457 34
458 6
459 7
460 11
461 6
462 12
463 8
464 22
465 11
466 11
467 2
468 4
469 8
470 14
471 3
472 10
473 3
474 0
475 40
476 13
477 3
478 0
479 92
480 77
481 109
482 94
483 78
484 29
485 234
486 41
487 128
488 197
489 198
490 41
491 111
492 142
493 44
494 62
495 68
496 93
497 42
498 152
499 65
500 27
501 21
502 49
503 18
504 90
505 73
506 67
507 21
508 3
509 2
510 69
511 28
512 17
513 6
514 26
515 40
516 9
517 84
518 61
519 15
520 72
521 36
522 41
523 22
524 67
525 41
526 26
527 20
528 171
529 70
530 30
531 21
532 2
533 40
534 62
535 11
536 14
537 5
538 11
539 47
540 74
541 129
542 99
543 60
544 33
545 90
546 51
547 79
548 67
549 34
550 44
551 48
552 55
553 63
554 31
555 15
556 54
557 31
558 86
559 38
560 106
561 63
562 88
563 149
564 34
565 79
566 70
567 34
568 75
569 45
570 46
571 207
572 67
573 34
574 94
575 18
576 39
577 81
578 52
580 23
581 39
582 30
583 43
584 27
585 17
586 15
587 12
588 29
589 28
590 34
591 24
592 22
593 29
594 28
595 20
596 36
597 22
598 43
599 27
600 43
601 29
602 16
603 57
604 43
605 0
606 33
607 27
608 18
609 20
610 36
611 4
612 9
613 14
614 43
615 33
616 9
617 58
618 163
619 74
620 13
621 191
622 120
623 65
624 115
625 35
626 57
627 34
628 33
629 71
630 65
631 8
632 114
633 68
634 60
635 71
636 52
637 168
638 70
639 18
640 60
641 84
642 41
643 109
644 35
645 37
646 19
647 49
648 65
649 84
650 46
651 70
652 72
653 107
654 35
655 14
656 23
657 66
658 15
659 74
660 110
661 66
662 64
663 27
664 24
665 39
666 8
667 53
668 26
669 98
670 83
671 29
672 15
673 13
674 78
675 42
676 55
677 124
678 25
679 75
680 60
681 78
682 143
683 25
684 7
685 65
686 43
687 32
688 19
689 31
690 26
691 124
692 104
693 12
694 32
695 68
696 70
697 93
698 43
699 32
700 25
701 21
702 75
703 18
704 77
705 75
706 36
707 44
708 30
709 41
710 14
711 36
712 62
713 96
714 21
715 0
716 56
717 12
718 58
719 51
720 22
721 59
722 38
723 20
724 9
725 133
726 87
727 62
728 35
729 62
730 111
731 64
732 7
733 147
734 50
735 111
736 91
737 19
764 15
765 15
766 12
767 11
768 9
769 27
770 143
771 25
772 20
773 32
774 14
775 74
776 98
777 69
778 48
779 43
780 28
781 56
783 29
796 7
