293
365
4
264
175
266
371
285
270
268
130
485
267
122
242
382
571
282
373
289
489
488
97
274
621
109
121
288
287
528
637
225
290
119
618
118
134
7
180
292
498
294
162
563
733
156
363
131
770
682
492
14
169
16
143
103
116
414
79
725
161
6
272
112
541
10
487
183
76
114
159
691
677
47
375
622
8
383
372
246
624
446
368
632
141
491
160
735
730
142
660
230
12
643
297
86
481
13
420
303
653
560
377
392
390
164
208
692
305
234
213
127
280
154
125
542
167
776
133
669
179
45
713
209
574
482
697
173
158
496
479
9
94
736
370
337
504
545
214
249
105
562
726
90
150
558
362
170
235
649
517
96
641
239
670
447
301
321
15
284
277
278
313
577
304
338
140
291
565
397
547
681
483
674
480
704
312
222
171
384
702
679
146
705
568
659
340
540
157
178
775
619
75
505
226
520
652
314
635
629
302
259
367
5
221
696
638
149
566
651
529
777
510
77
387
92
695
633
49
495
506
88
524
572
177
548
661
227
110
185
224
657
219
248
165
623
685
126
391
499
630
378
648
662
393
731
81
561
147
238
553
60
727
534
336
712
494
184
182
729
265
518
369
263
70
223
276
634
300
680
82
351
543
640
379
271
83
388
721
617
718
124
11
260
281
603
120
626
716
354
113
781
389
262
123
552
71
243
676
556
395
102
667
296
168
636
578
442
394
172
719
148
115
188
546
89
240
194
734
647
374
306
333
502
55
199
551
327
396
106
778
539
137
153
108
316
650
570
237
85
144
128
99
569
166
493
550
707
100
231
386
686
698
600
614
779
604
233
583
598
675
64
497
74
385
486
416
490
525
236
522
709
642
349
515
475
315
207
533
380
98
665
163
576
581
257
722
228
559
176
645
376
66
329
318
521
610
596
193
711
307
203
107
217
706
56
728
449
644
104
232
419
625
654
253
549
567
51
627
299
457
573
254
590
145
198
564
200
615
341
544
111
189
448
606
174
628
773
366
44
694
699
687
69
689
255
197
554
73
245
557
582
708
229
204
530
63
783
484
93
46
588
256
671
593
601
511
589
195
780
594
196
275
117
95
258
500
283
151
769
607
247
663
584
599
136
450
326
328
181
690
434
514
364
250
344
526
68
668
683
678
206
771
418
87
72
700
155
241
664
192
324
317
152
591
251
580
656
325
80
218
592
523
357
202
422
273
597
720
360
464
135
714
101
501
205
701
531
54
507
723
609
527
190
772
595
216
61
350
417
737
688
646
359
345
295
575
67
639
608
703
220
503
215
353
512
585
132
358
91
347
59
298
602
424
279
586
519
43
764
50
32
658
672
555
765
186
710
655
269
613
48
470
308
774
62
536
129
187
191
673
320
84
78
456
335
58
352
476
620
252
20
427
693
717
400
201
462
587
766
538
346
244
381
767
355
421
535
323
466
437
460
309
465
439
311
472
356
768
724
1
339
612
451
452
52
516
616
398
210
348
331
441
666
463
469
631
330
261
211
440
361
2
138
65
57
423
426
684
732
41
435
796
459
453
3
17
461
322
334
454
458
36
343
31
402
401
513
212
342
319
310
537
53
413
425
429
34
29
611
39
28
468
443
404
405
22
409
411
431
139
508
415
30
477
37
408
407
399
438
473
332
406
471
403
23
19
445
432
40
26
428
467
18
509
286
444
532
38
42
430
412
436
410
433
27
25
21
605
24
33
35
455
478
715
474
